// Left-Up Start
50 50
90 50
50 90
90 90
// Right-Up Start
410 50
450 50
410 90
450 90
// Right Down Start
410 410
450 410
410 450
450 450
// Left Down Start
50 410
90 410
50 450
90 450
// Left Finish
 90 250 0 1
130 250 0 1
170 250 0 1
210 250 0 1
// Up Finish
250  90 90 1
250 130 90 1
250 170 90 1
250 210 90 1
// Right Finish
410 250
370 250
330 250
290 250
// Down Finish
250 410 -90 1
250 370 -90 1
250 330 -90 1
250 290 -90 1
// Left Up Path
 50 210 -45 1
 90 210 -15 1
130 210 180
170 210 165
210 210 135
210 170 120
210 130 90
210  90 -75 1
210  50 -45 1
250  50 0 1
// Right Up Path
290  50 45 1
290  90 75 1
290 130 -90
290 170 -105
290 210 -135
330 210 -165
370 210 180
410 210 15 1
450 210 45 1
450 250 90 1
// Right Down Path
450 290 135 1
410 290 165 1
370 290
330 290 -15
290 290 -45
290 330 -75
290 370 -90
290 410 105 1
290 450 135 1
250 450 180 1
// Left Down Path
210 450 -135 1
210 410 -120 1
210 370 90
210 330 75
210 290 45
170 290 15
130 290
 90 290 -165 1
 50 290 -135 1
 50 250 -90 1